ListVector
[0.0 9.0 0.0 9.0 6.0 7.0 9.0 6.0]
[7.0 7.0 0.0 6.0 3.0 2.0 3.0 9.0]
Insert at position: 2
[0.0 9.0 4.0 0.0 9.0 6.0 7.0 9.0 6.0]
Insert at position: 2
[7.0 7.0 3.0 0.0 6.0 3.0 2.0 3.0 9.0]
Add value: 3.0
[3.0 12.0 7.0 3.0 12.0 9.0 10.0 12.0 9.0]
Add another: [7.0 7.0 3.0 0.0 6.0 3.0 2.0 3.0 9.0]
[7.0 16.0 7.0 0.0 15.0 9.0 9.0 12.0 15.0]
AddTo value: 4.0
[4.0 13.0 8.0 4.0 13.0 10.0 11.0 13.0 10.0]
AddTo another: [7.0 7.0 3.0 0.0 6.0 3.0 2.0 3.0 9.0]
[11.0 20.0 11.0 4.0 19.0 13.0 13.0 16.0 19.0]
Minus value: 3.0
[8.0 17.0 8.0 1.0 16.0 10.0 10.0 13.0 16.0]
Minus another: [7.0 7.0 3.0 0.0 6.0 3.0 2.0 3.0 9.0]
[4.0 13.0 8.0 4.0 13.0 10.0 11.0 13.0 10.0]
Minus value: 4.0
[7.0 16.0 7.0 0.0 15.0 9.0 9.0 12.0 15.0]
MinusTo another: [7.0 7.0 3.0 0.0 6.0 3.0 2.0 3.0 9.0]
[0.0 9.0 4.0 0.0 9.0 6.0 7.0 9.0 6.0]
Dot: [7.0 7.0 3.0 0.0 6.0 3.0 2.0 3.0 9.0]
242.0
Pow: 3.0
[0.0 729.0 64.0 0.0 729.0 216.0 343.0 729.0 216.0]
Scale: 4.0
[0.0 2916.0 256.0 0.0 2916.0 864.0 1372.0 2916.0 864.0]
Norm: 
5380.527855145812
Remove index: 0
[2916.0 256.0 0.0 2916.0 864.0 1372.0 2916.0 864.0]
Remove index: 0
[7.0 3.0 0.0 6.0 3.0 2.0 3.0 9.0]
Extract indices:
[7.0 6.0]


ArrayVector
[2.0 3.0 3.0 9.0 3.0]
[4.0 6.0 6.0 5.0 7.0]
Insert at position: 2
[2.0 3.0 4.0 3.0 9.0 3.0]
Insert at position: 2
[4.0 6.0 3.0 6.0 5.0 7.0]
Add value: 3.0
[5.0 6.0 7.0 6.0 12.0 6.0]
Add another: [4.0 6.0 3.0 6.0 5.0 7.0]
[6.0 9.0 7.0 9.0 14.0 10.0]
AddTo value: 4.0
[6.0 7.0 8.0 7.0 13.0 7.0]
AddTo another: [4.0 6.0 3.0 6.0 5.0 7.0]
[10.0 13.0 11.0 13.0 18.0 14.0]
Minus value: 3.0
[7.0 10.0 8.0 10.0 15.0 11.0]
Minus another: [4.0 6.0 3.0 6.0 5.0 7.0]
[6.0 7.0 8.0 7.0 13.0 7.0]
Minus value: 4.0
[6.0 9.0 7.0 9.0 14.0 10.0]
MinusTo another: [4.0 6.0 3.0 6.0 5.0 7.0]
[2.0 3.0 4.0 3.0 9.0 3.0]
Dot: [4.0 6.0 3.0 6.0 5.0 7.0]
122.0
Pow: 3.0
[8.0 27.0 64.0 27.0 729.0 27.0]
Scale: 4.0
[32.0 108.0 256.0 108.0 2916.0 108.0]
Norm: 
2933.3612119887316
Remove index: 0
[108.0 256.0 108.0 2916.0 108.0]
Remove index: 0
[6.0 3.0 6.0 5.0 7.0]
Extract indices:
[6.0 5.0]